<?xml version="1.0"?>
<opencv_storage>
<cameraMatrix type_id="opencv-matrix">
  <rows>3</rows>
  <cols>3</cols>
  <dt>d</dt>
  <data>
    1.7249929696467525e+03 0. 4.6088611939527436e+02 0.
    1.7240997122383510e+03 2.9000773512619998e+02 0. 0. 1.</data></cameraMatrix>
<distCoeffs type_id="opencv-matrix">
  <rows>1</rows>
  <cols>5</cols>
  <dt>d</dt>
  <data>
    -1.2732941327052774e-01 1.1892603962740127e+00
    -8.9086350249512655e-05 1.1774051658469198e-03
    -1.4468924360735578e+01</data></distCoeffs>
<rotationMatrix type_id="opencv-matrix">
  <rows>10</rows>
  <cols>1</cols>
  <dt>"3d"</dt>
  <data>
    -8.3242246381290394e-02 7.5196220802106875e-02
    -1.8209512988643800e-03 3.1150936014043135e-01
    2.3728537693411236e-01 -6.3156834302377740e-01
    4.0824937188348946e-02 3.2217671512693058e-01
    -8.9248535189726777e-04 -2.2349317612481066e-02
    -3.6520790837645883e-01 -1.7678561082600987e-02
    -5.3711008282716644e-01 3.9438428460038193e-02
    8.4359966750795594e-03 4.9449803974524081e-01 4.1762111321397566e-02
    -1.3655239602756768e-02 -1.8574041014217710e-02
    2.8576868587490112e-01 8.9767066090773645e-02
    -2.0333193518228737e-01 -6.2959889084340276e-02
    -1.3167155099956279e-02 5.4425494319967105e-01
    -5.7894854410997204e-02 1.2206687539997579e-02
    5.3012758747527633e-01 1.4808426787805526e-01 2.1187462314178857e-01</data></rotationMatrix>
<translationVector type_id="opencv-matrix">
  <rows>10</rows>
  <cols>1</cols>
  <dt>"3d"</dt>
  <data>
    -1.8601479374213734e+00 -3.1002378139262463e+00
    3.8295531240785714e+01 -2.4786201582419922e+00
    -2.4842273606408765e+00 4.1977899593762565e+01
    9.3510276447463930e-02 -3.0916745170497930e+00
    3.6879496439777263e+01 -5.5439314347007027e+00
    -2.9653004394068927e+00 3.2753700813824672e+01
    -3.6727032058560587e+00 -2.0725759495462177e+00
    3.3025326469930022e+01 -2.1669448003041794e+00
    -2.2050906027324446e+00 2.8211049037885054e+01
    -3.5050391611519132e+00 -3.4287733363397597e+00
    2.9548638845708613e+01 -3.8781609100739809e+00
    -2.7823981340257724e+00 2.9389451905459154e+01
    -3.5561274166305719e+00 -1.9747714210398013e+00
    2.4719054065443856e+01 -2.1577798350258903e+00
    -3.5223520533817689e+00 2.9685045773847751e+01</data></translationVector>
</opencv_storage>
